Line OP   L   M
   0 JMP  0  24
   1 JMP  0  13
   2 JMP  0   3
   3 INC  0   6
   4 LIT  0   5
   5 STO  0   4
   6 LIT  0   6
   7 STO  0   5
   8 LOD  0   4
   9 SIO  0   1
  10 LOD  0   5
  11 SIO  0   1
  12 OPR  0   0
  13 INC  0   6
  14 LIT  0   3
  15 STO  0   4
  16 LIT  0   4
  17 STO  0   5
  18 LOD  0   4
  19 SIO  0   1
  20 LOD  0   5
  21 SIO  0   1
  22 CAL  1   2
  23 OPR  0   0
  24 INC  0   6
  25 LIT  0   1
  26 STO  0   4
  27 LIT  0   2
  28 STO  0   5
  29 LOD  0   4
  30 SIO  0   1
  31 LOD  0   5
  32 SIO  0   1
  33 CAL  0   1
  34 LOD  0   4
  35 SIO  0   1
  36 LOD  0   5
  37 SIO  0   1
  38 SIO  0   3


                pc  bp  sp  stack
Initial values   0   1   0
  0 JMP  0  24  24   1   0  
 24 INC  0   6  25   1   6  0 0 0 0 0 0 
 25 LIT  0   1  26   1   7  0 0 0 0 0 0 1 
 26 STO  0   4  27   1   6  0 0 0 0 1 0 
 27 LIT  0   2  28   1   7  0 0 0 0 1 0 2 
 28 STO  0   5  29   1   6  0 0 0 0 1 2 
 29 LOD  0   4  30   1   7  0 0 0 0 1 2 1 
 30 SIO  0   1  31   1   6  0 0 0 0 1 2 
 31 LOD  0   5  32   1   7  0 0 0 0 1 2 2 
 32 SIO  0   1  33   1   6  0 0 0 0 1 2 
 33 CAL  0   1   1   7   6  0 0 0 0 1 2 
  1 JMP  0  13  13   7   6  0 0 0 0 1 2 
 13 INC  0   6  14   7  12  0 0 0 0 1 2 | 0 1 1 34 0 0 
 14 LIT  0   3  15   7  13  0 0 0 0 1 2 | 0 1 1 34 0 0 3 
 15 STO  0   4  16   7  12  0 0 0 0 1 2 | 0 1 1 34 3 0 
 16 LIT  0   4  17   7  13  0 0 0 0 1 2 | 0 1 1 34 3 0 4 
 17 STO  0   5  18   7  12  0 0 0 0 1 2 | 0 1 1 34 3 4 
 18 LOD  0   4  19   7  13  0 0 0 0 1 2 | 0 1 1 34 3 4 3 
 19 SIO  0   1  20   7  12  0 0 0 0 1 2 | 0 1 1 34 3 4 
 20 LOD  0   5  21   7  13  0 0 0 0 1 2 | 0 1 1 34 3 4 4 
 21 SIO  0   1  22   7  12  0 0 0 0 1 2 | 0 1 1 34 3 4 
 22 CAL  1   2   2  13  12  0 0 0 0 1 2 | 0 1 1 34 3 4 
  2 JMP  0   3   3  13  12  0 0 0 0 1 2 | 0 1 1 34 3 4 
  3 INC  0   6   4  13  18  0 0 0 0 1 2 | 0 1 1 34 3 4 | 0 1 7 23 0 0 
  4 LIT  0   5   5  13  19  0 0 0 0 1 2 | 0 1 1 34 3 4 | 0 1 7 23 0 0 5 
  5 STO  0   4   6  13  18  0 0 0 0 1 2 | 0 1 1 34 3 4 | 0 1 7 23 5 0 
  6 LIT  0   6   7  13  19  0 0 0 0 1 2 | 0 1 1 34 3 4 | 0 1 7 23 5 0 6 
  7 STO  0   5   8  13  18  0 0 0 0 1 2 | 0 1 1 34 3 4 | 0 1 7 23 5 6 
  8 LOD  0   4   9  13  19  0 0 0 0 1 2 | 0 1 1 34 3 4 | 0 1 7 23 5 6 5 
  9 SIO  0   1  10  13  18  0 0 0 0 1 2 | 0 1 1 34 3 4 | 0 1 7 23 5 6 
 10 LOD  0   5  11  13  19  0 0 0 0 1 2 | 0 1 1 34 3 4 | 0 1 7 23 5 6 6 
 11 SIO  0   1  12  13  18  0 0 0 0 1 2 | 0 1 1 34 3 4 | 0 1 7 23 5 6 
 12 OPR  0   0  23   7  12  0 0 0 0 1 2 | 0 1 1 34 3 4 
 23 OPR  0   0  34   1   6  0 0 0 0 1 2 
 34 LOD  0   4  35   1   7  0 0 0 0 1 2 1 
 35 SIO  0   1  36   1   6  0 0 0 0 1 2 
 36 LOD  0   5  37   1   7  0 0 0 0 1 2 2 
 37 SIO  0   1  38   1   6  0 0 0 0 1 2 
 38 SIO  0   3   0   0   0  
